
; You can use predefined db's file like this, comments will be added to db definition if such db sequence will be found in disassembled output file

84,119,111,32,116,104,105,110,103,115,32,97,114,101,32,105,110,102,105
110,105,116,101,58,32,116,104,101,32,117,110,105,118,101,114,115,101
32,97,110,100,32,104,117,109,97,110,32,115,116,117,112,105,100,105,116,121
59,32,97,110,100,32,73,39,109,32,110,111,116,32,115,117,114,101,32,97,98
111,117,116,32,116,104,101,32,117,110,105,118,101,114,115,101,46

; multiple db's can be added to this file

84,104,105,115,32,105,115,32,101,120,97,109,112,108,101

; This is 'Hello World' text

72,101,108,108,111,32,87,111,114,108,100


